5052 25522704
882 777924
2474 6120676
7177 51509329
275 75625
7166 51351556
-1154 1331716
-9181 84290761
-3044 9265936
4172 17405584
-847 717409
-7038 49533444
1292 1669264
-7876 62031376
3316 10995856
4857 23590449
-1667 2778889
-9094 82700836
-3782 14303524
5598 31337604
-5500 30250000
4287 18378369
-5467 29888089
2923 8543929
-4208 17707264
2756 7595536
-236 55696
-5207 27112849
-4377 19158129
-2857 8162449
-9558 91355364
-6532 42667024
1067 1138489
5975 35700625
9565 91489225
-7892 62283664
4155 17264025
-4478 20052484
2223 4941729
-2729 7447441
-1783 3179089
1156 1336336
7279 52983841
5003 25030009
-7290 53144100
-2444 5973136
-7653 58568409
-1232 1517824
8936 79852096
-3110 9672100
1396 1948816
-7724 59660176
-512 262144
-7304 53348416
-7562 57183844
1779 3164841
1449 2099601
2549 6497401
8334 69455556
4452 19820304
-1924 3701776
3754 14092516
8833 78021889
6085 37027225
-3587 12866569
9723 94536729
5475 29975625
-7266 52794756
-3680 13542400
7703 59336209
-1544 2383936
2302 5299204
-478 228484
-1118 1249924
-6591 43441281
-2606 6791236
1302 1695204
-7165 51337225
-2638 6959044
4693 22024249
4787 22915369
-3808 14500864
6023 36276529
-6641 44102881
8440 71233600
-671 450241
-7913 62615569
-9540 91011600
1037 1075369
-6682 44649124
4259 18139081
2834 8031556
8504 72318016
-1812 3283344
-3040 9241600
-5965 35581225
-3646 13293316
-3546 12574116
5281 27888961
-8981 80658361
