98 9604
-56 3136
-60 3600
-47 2209
87 7569
-69 4761
29 841
-52 2704
22 484
33 1089
27 729
-7 49
25 625
-90 8100
1 1
36 1296
-9 81
72 5184
-88 7744
94 8836
-28 784
-22 484
94 8836
-5 25
38 1444
2 4
97 9409
78 6084
-97 9409
-12 144
20 400
82 6724
-81 6561
-83 6889
-41 1681
-4 16
-40 1600
74 5476
-52 2704
74 5476
-30 900
-13 169
17 289
68 4624
75 5625
-31 961
-95 9025
2 4
9 81
100 10000
79 6241
-28 784
77 5929
-88 7744
21 441
-23 529
72 5184
-11 121
24 576
-27 729
-97 9409
90 8100
96 9216
-55 3025
21 441
-45 2025
35 1225
-16 256
-79 6241
29 841
-71 5041
90 8100
61 3721
-63 3969
55 3025
-7 49
3 9
-95 9025
-3 9
-12 144
20 400
-57 3249
55 3025
15 225
-22 484
-78 6084
88 7744
-76 5776
80 6400
-7 49
38 1444
-74 5476
-20 400
-78 6084
70 4900
-83 6889
-77 5929
-30 900
-37 1369
86 7396
